% time     seconds  usecs/call     calls    errors syscall
------ ----------- ----------- --------- --------- ------------------
 93.60   18.644802         221     84298      4381 futex
  1.88    0.373796          12     30165           epoll_ctl
  1.26    0.251929          25     10033           recvfrom
  1.22    0.243454          30      8037           munmap
  1.19    0.236083          23     10000           sendto
  0.58    0.114706          28      4030           mmap
  0.08    0.016608          26       616           write
  0.08    0.015255          15      1002       494 read
  0.05    0.009919          15       639         1 epoll_wait
  0.02    0.003541          27       130           shutdown
  0.01    0.002328           5       396           fcntl
  0.01    0.001989          13       147        18 accept
  0.01    0.001810          13       135           close
  0.00    0.000887           6       131           setsockopt
  0.00    0.000670          37        18           mprotect
  0.00    0.000638          19        33           rt_sigprocmask
  0.00    0.000456          57         8           madvise
  0.00    0.000294          36         8           clone3
  0.00    0.000092          10         9           set_robust_list
  0.00    0.000090          10         9           rseq
  0.00    0.000051           5         9           rt_sigaction
  0.00    0.000041           4         9           sigaltstack
  0.00    0.000031          31         1           writev
  0.00    0.000015           5         3           brk
  0.00    0.000013          13         1           socket
  0.00    0.000011           5         2           prlimit64
  0.00    0.000010          10         1           gettid
  0.00    0.000010          10         1           pipe2
  0.00    0.000009           9         1           bind
  0.00    0.000009           9         1           listen
  0.00    0.000008           8         1         1 ioctl
  0.00    0.000007           7         1         1 rt_sigreturn
  0.00    0.000007           7         1           getsockname
  0.00    0.000007           7         1           sched_getaffinity
  0.00    0.000007           7         1           epoll_create1
  0.00    0.000007           7         1           getrandom
  0.00    0.000000           0         2           fstat
  0.00    0.000000           0         2           pread64
  0.00    0.000000           0         1         1 access
  0.00    0.000000           0         1           execve
  0.00    0.000000           0         1           arch_prctl
  0.00    0.000000           0         1           set_tid_address
  0.00    0.000000           0         2           openat
------ ----------- ----------- --------- --------- ------------------
100.00   19.919590         132    149889      4897 total
