% time     seconds  usecs/call     calls    errors syscall
------ ----------- ----------- --------- --------- ------------------
 95.47   22.394572         365     61295      1223 futex
  1.98    0.464320          15     30165           epoll_ctl
  1.20    0.281133          28     10000           sendto
  1.06    0.249387          24     10033           recvfrom
  0.08    0.018168          29       617           write
  0.06    0.014573          22       650       317 read
  0.05    0.011503          18       637           epoll_wait
  0.03    0.006273          20       311           munmap
  0.02    0.004020          30       130           shutdown
  0.01    0.002169          12       167           mmap
  0.01    0.001897           4       396           fcntl
  0.01    0.001787          13       135           close
  0.01    0.001575          11       138         9 accept
  0.01    0.001309          68        19           mprotect
  0.00    0.000837           6       131           setsockopt
  0.00    0.000818          24        33           rt_sigprocmask
  0.00    0.000524          65         8           madvise
  0.00    0.000329          41         8           clone3
  0.00    0.000278         278         1           execve
  0.00    0.000117          13         9           set_robust_list
  0.00    0.000111          12         9           rseq
  0.00    0.000087           9         9           sigaltstack
  0.00    0.000044           4         9           rt_sigaction
  0.00    0.000036          12         3           brk
  0.00    0.000021          21         1         1 rt_sigreturn
  0.00    0.000021          21         1         1 ioctl
  0.00    0.000019           9         2           openat
  0.00    0.000013           6         2           fstat
  0.00    0.000013          13         1           writev
  0.00    0.000013          13         1           socket
  0.00    0.000012           6         2           pread64
  0.00    0.000012           6         2           prlimit64
  0.00    0.000009           9         1           epoll_create1
  0.00    0.000009           9         1           pipe2
  0.00    0.000008           8         1         1 access
  0.00    0.000008           8         1           bind
  0.00    0.000008           8         1           listen
  0.00    0.000007           7         1           arch_prctl
  0.00    0.000006           6         1           getsockname
  0.00    0.000006           6         1           sched_getaffinity
  0.00    0.000006           6         1           getrandom
  0.00    0.000005           5         1           set_tid_address
  0.00    0.000003           3         1           gettid
------ ----------- ----------- --------- --------- ------------------
100.00   23.456066         204    114936      1552 total
