% time     seconds  usecs/call     calls    errors syscall
------ ----------- ----------- --------- --------- ------------------
 93.69   13.805958         163     84622      4393 futex
  1.92    0.283058           9     30165           epoll_ctl
  1.25    0.184397          22      8285           munmap
  1.17    0.172736          17     10033           recvfrom
  1.13    0.166254          16     10000           sendto
  0.59    0.086541          20      4154           mmap
  0.08    0.011124          18       616           write
  0.06    0.009533          10       945       469 read
  0.05    0.006973          10       639         1 epoll_wait
  0.02    0.002499          19       130           shutdown
  0.01    0.001774           4       396           fcntl
  0.01    0.001223           9       135           close
  0.01    0.001168           8       145        16 accept
  0.01    0.000745          39        19           mprotect
  0.00    0.000634           4       131           setsockopt
  0.00    0.000512          15        33           rt_sigprocmask
  0.00    0.000493          61         8           madvise
  0.00    0.000259          32         8           clone3
  0.00    0.000218         218         1           execve
  0.00    0.000075           8         9           set_robust_list
  0.00    0.000060           6         9           rseq
  0.00    0.000053           5         9           sigaltstack
  0.00    0.000035           3         9           rt_sigaction
  0.00    0.000028          28         1           writev
  0.00    0.000013           6         2           openat
  0.00    0.000010           5         2           fstat
  0.00    0.000010           5         2           pread64
  0.00    0.000006           6         1         1 rt_sigreturn
  0.00    0.000006           6         1         1 access
  0.00    0.000006           6         1           socket
  0.00    0.000005           1         3           brk
  0.00    0.000005           5         1           arch_prctl
  0.00    0.000004           4         1         1 ioctl
  0.00    0.000004           4         1           bind
  0.00    0.000004           4         1           listen
  0.00    0.000004           4         1           set_tid_address
  0.00    0.000004           4         1           epoll_create1
  0.00    0.000004           4         1           pipe2
  0.00    0.000003           3         1           getsockname
  0.00    0.000003           3         1           sched_getaffinity
  0.00    0.000000           0         1           gettid
  0.00    0.000000           0         2           prlimit64
  0.00    0.000000           0         1           getrandom
------ ----------- ----------- --------- --------- ------------------
100.00   14.736441          97    150527      4882 total
