% time     seconds  usecs/call     calls    errors syscall
------ ----------- ----------- --------- --------- ------------------
 95.84   12.725781         182     69659      1520 futex
  1.55    0.205937          10     20069           epoll_ctl
  1.27    0.168354          16     10000           sendto
  1.15    0.152215          15     10033           recvfrom
  0.04    0.004945          15       320           write
  0.03    0.004359           7       561       240 read
  0.03    0.003971          12       325         1 epoll_wait
  0.02    0.002935          14       201           munmap
  0.01    0.001956          15       130           shutdown
  0.01    0.001750           4       396           fcntl
  0.01    0.001139           8       137         8 accept
  0.01    0.001090           9       112           mmap
  0.01    0.000989           7       135           close
  0.01    0.000846          44        19           mprotect
  0.01    0.000664          83         8           madvise
  0.00    0.000644           4       131           setsockopt
  0.00    0.000581          17        33           rt_sigprocmask
  0.00    0.000226          28         8           clone3
  0.00    0.000084           9         9           set_robust_list
  0.00    0.000073          73         1           writev
  0.00    0.000068           7         9           sigaltstack
  0.00    0.000047           5         9           rseq
  0.00    0.000037           4         9           rt_sigaction
  0.00    0.000014          14         1           socket
  0.00    0.000009           9         1         1 ioctl
  0.00    0.000009           9         1           bind
  0.00    0.000009           9         1           listen
  0.00    0.000008           8         1           pipe2
  0.00    0.000007           7         1         1 rt_sigreturn
  0.00    0.000007           7         1           epoll_create1
  0.00    0.000006           6         1           getsockname
  0.00    0.000006           6         1           gettid
  0.00    0.000000           0         2           fstat
  0.00    0.000000           0         3           brk
  0.00    0.000000           0         2           pread64
  0.00    0.000000           0         1         1 access
  0.00    0.000000           0         1           execve
  0.00    0.000000           0         1           arch_prctl
  0.00    0.000000           0         1           sched_getaffinity
  0.00    0.000000           0         1           set_tid_address
  0.00    0.000000           0         2           openat
  0.00    0.000000           0         2           prlimit64
  0.00    0.000000           0         1           getrandom
------ ----------- ----------- --------- --------- ------------------
100.00   13.278766         118    112340      1772 total
