% time     seconds  usecs/call     calls    errors syscall
------ ----------- ----------- --------- --------- ------------------
 43.99    4.602124         437     10517         1 poll
 18.10    1.893407         189     10000           sendto
 17.95    1.878089         187     10033           recvmsg
 15.61    1.632977         423      3859       938 futex
  0.91    0.095719         201       476       348 accept
  0.76    0.079488         146       541           rt_sigprocmask
  0.42    0.044348         328       135           clone3
  0.40    0.041737         161       258           fcntl
  0.32    0.033942         146       232           munmap
  0.22    0.023013         174       132           close
  0.22    0.022842         142       160           mmap
  0.20    0.021085         156       135           madvise
  0.20    0.021015         154       136           set_robust_list
  0.20    0.020693         159       130           setsockopt
  0.20    0.020677         152       136           rseq
  0.19    0.020369         149       136           sigaltstack
  0.10    0.010156         130        78           mprotect
  0.00    0.000177          88         2           read
  0.00    0.000170         170         1           restart_syscall
  0.00    0.000159          53         3           openat
  0.00    0.000146         146         1           shutdown
  0.00    0.000074          74         1           rt_sigreturn
  0.00    0.000058           6         9           rt_sigaction
  0.00    0.000038          19         2           writev
  0.00    0.000010          10         1           socket
  0.00    0.000009           9         1           bind
  0.00    0.000008           8         1           listen
  0.00    0.000006           6         1         1 ioctl
  0.00    0.000006           6         1           sched_getaffinity
  0.00    0.000005           5         1           getsockname
  0.00    0.000005           5         1           gettid
  0.00    0.000000           0         2           fstat
  0.00    0.000000           0         3           brk
  0.00    0.000000           0         2           pread64
  0.00    0.000000           0         1         1 access
  0.00    0.000000           0         1           execve
  0.00    0.000000           0         1           arch_prctl
  0.00    0.000000           0         1           set_tid_address
  0.00    0.000000           0         2           prlimit64
  0.00    0.000000           0         1           getrandom
------ ----------- ----------- --------- --------- ------------------
100.00   10.462552         281     37134      1289 total
