% time     seconds  usecs/call     calls    errors syscall
------ ----------- ----------- --------- --------- ------------------
 93.26   19.877821         258     76976      4911 futex
  1.97    0.418962          13     30165           epoll_ctl
  1.36    0.288980          28     10033           recvfrom
  1.33    0.283083          37      7553           munmap
  1.21    0.257519          25     10000           sendto
  0.61    0.130734          34      3788           mmap
  0.09    0.018146          28       626           write
  0.08    0.017191          24       706       348 read
  0.04    0.008929          14       636           epoll_wait
  0.02    0.003853          29       130           shutdown
  0.01    0.002037           5       396           fcntl
  0.01    0.001833          13       135           close
  0.01    0.001506          10       143        14 accept
  0.00    0.000825          45        18           mprotect
  0.00    0.000824           6       131           setsockopt
  0.00    0.000729          22        33           rt_sigprocmask
  0.00    0.000637          79         8           madvise
  0.00    0.000253          31         8           clone3
  0.00    0.000094          10         9           set_robust_list
  0.00    0.000060           6         9           sigaltstack
  0.00    0.000048           5         9           rt_sigaction
  0.00    0.000041          41         1           writev
  0.00    0.000031           3         9           rseq
  0.00    0.000013          13         1           socket
  0.00    0.000010          10         1           gettid
  0.00    0.000009           9         1           bind
  0.00    0.000009           9         1           listen
  0.00    0.000008           8         1           sched_getaffinity
  0.00    0.000007           7         1           rt_sigreturn
  0.00    0.000004           4         1         1 ioctl
  0.00    0.000003           3         1           epoll_create1
  0.00    0.000003           3         1           pipe2
  0.00    0.000002           2         1           getsockname
  0.00    0.000000           0         2           fstat
  0.00    0.000000           0         3           brk
  0.00    0.000000           0         2           pread64
  0.00    0.000000           0         1         1 access
  0.00    0.000000           0         1           execve
  0.00    0.000000           0         1           arch_prctl
  0.00    0.000000           0         1           set_tid_address
  0.00    0.000000           0         2           openat
  0.00    0.000000           0         2           prlimit64
  0.00    0.000000           0         1           getrandom
------ ----------- ----------- --------- --------- ------------------
100.00   21.314204         150    141548      5275 total
