% time     seconds  usecs/call     calls    errors syscall
------ ----------- ----------- --------- --------- ------------------
 95.81   12.526959         181     68956      1729 futex
  1.55    0.202188          10     20069           epoll_ctl
  1.25    0.163794          16     10000           sendto
  1.19    0.156159          15     10033           recvfrom
  0.04    0.005163          16       321           write
  0.03    0.004509           7       566       245 read
  0.03    0.003999          12       323           epoll_wait
  0.02    0.002947          14       201           munmap
  0.02    0.002076          15       130           shutdown
  0.01    0.001626           4       396           fcntl
  0.01    0.001087           8       135           close
  0.01    0.001026           7       137         8 accept
  0.01    0.000987           8       112           mmap
  0.00    0.000648          19        33           rt_sigprocmask
  0.00    0.000589          31        19           mprotect
  0.00    0.000589           4       131           setsockopt
  0.00    0.000462          57         8           madvise
  0.00    0.000263          32         8           clone3
  0.00    0.000148          16         9           sigaltstack
  0.00    0.000059           6         9           set_robust_list
  0.00    0.000052           5         9           rseq
  0.00    0.000036          36         1           writev
  0.00    0.000020           2         9           rt_sigaction
  0.00    0.000020          20         1         1 ioctl
  0.00    0.000018          18         1         1 rt_sigreturn
  0.00    0.000008           8         1           gettid
  0.00    0.000000           0         2           fstat
  0.00    0.000000           0         3           brk
  0.00    0.000000           0         2           pread64
  0.00    0.000000           0         1         1 access
  0.00    0.000000           0         1           socket
  0.00    0.000000           0         1           bind
  0.00    0.000000           0         1           listen
  0.00    0.000000           0         1           getsockname
  0.00    0.000000           0         1           execve
  0.00    0.000000           0         1           arch_prctl
  0.00    0.000000           0         1           sched_getaffinity
  0.00    0.000000           0         1           set_tid_address
  0.00    0.000000           0         2           openat
  0.00    0.000000           0         1           epoll_create1
  0.00    0.000000           0         1           pipe2
  0.00    0.000000           0         2           prlimit64
  0.00    0.000000           0         1           getrandom
------ ----------- ----------- --------- --------- ------------------
100.00   13.075432         117    111641      1985 total
