% time     seconds  usecs/call     calls    errors syscall
------ ----------- ----------- --------- --------- ------------------
 95.69   21.449285         344     62208      1096 futex
  1.63    0.365796          18     20069           epoll_ctl
  1.33    0.299193          29     10000           sendto
  1.15    0.257254          25     10033           recvfrom
  0.04    0.008850          27       321           write
  0.03    0.007593          13       567       246 read
  0.03    0.006320          19       325         1 epoll_wait
  0.02    0.004910          24       201           munmap
  0.02    0.004016          30       130           shutdown
  0.01    0.002145          15       135           close
  0.01    0.002002           5       396           fcntl
  0.01    0.001764          12       137         8 accept
  0.01    0.001653          14       112           mmap
  0.01    0.001290          67        19           mprotect
  0.00    0.000848           6       131           setsockopt
  0.00    0.000715          21        33           rt_sigprocmask
  0.00    0.000444          55         8           madvise
  0.00    0.000400          50         8           clone3
  0.00    0.000194          21         9           sigaltstack
  0.00    0.000162          18         9           set_robust_list
  0.00    0.000119          13         9           rseq
  0.00    0.000046           5         9           rt_sigaction
  0.00    0.000028          28         1           writev
  0.00    0.000014           4         3           brk
  0.00    0.000013          13         1           socket
  0.00    0.000012           6         2           prlimit64
  0.00    0.000010          10         1           pipe2
  0.00    0.000009           9         1           bind
  0.00    0.000009           9         1           getsockname
  0.00    0.000008           8         1           listen
  0.00    0.000008           8         1           epoll_create1
  0.00    0.000007           7         1           getrandom
  0.00    0.000006           6         1         1 rt_sigreturn
  0.00    0.000006           6         1           sched_getaffinity
  0.00    0.000004           4         1           gettid
  0.00    0.000000           0         2           fstat
  0.00    0.000000           0         1         1 ioctl
  0.00    0.000000           0         2           pread64
  0.00    0.000000           0         1         1 access
  0.00    0.000000           0         1           execve
  0.00    0.000000           0         1           arch_prctl
  0.00    0.000000           0         1           set_tid_address
  0.00    0.000000           0         2           openat
------ ----------- ----------- --------- --------- ------------------
100.00   22.415133         213    104896      1354 total
