% time     seconds  usecs/call     calls    errors syscall
------ ----------- ----------- --------- --------- ------------------
 93.78   12.683004         151     83572      4587 futex
  1.64    0.222152          11     20069           epoll_ctl
  1.33    0.180238          17     10033           recvfrom
  1.28    0.173578          21      7933           munmap
  1.20    0.161792          16     10000           sendto
  0.59    0.079126          19      3978           mmap
  0.04    0.006042          18       325           write
  0.04    0.005192           8       609       290 read
  0.03    0.003810          11       323           epoll_wait
  0.02    0.002182          16       130           shutdown
  0.01    0.001799           4       396           fcntl
  0.01    0.001186           8       135           close
  0.01    0.001094           7       138         9 accept
  0.00    0.000666           5       131           setsockopt
  0.00    0.000653          34        19           mprotect
  0.00    0.000565          17        33           rt_sigprocmask
  0.00    0.000477          59         8           madvise
  0.00    0.000248          31         8           clone3
  0.00    0.000083           9         9           set_robust_list
  0.00    0.000056           6         9           sigaltstack
  0.00    0.000042           4         9           rt_sigaction
  0.00    0.000039           4         9           rseq
  0.00    0.000036          36         1           writev
  0.00    0.000012          12         1           socket
  0.00    0.000010           3         3           brk
  0.00    0.000010          10         1         1 rt_sigreturn
  0.00    0.000009           9         1           bind
  0.00    0.000009           9         1           listen
  0.00    0.000008           8         1           pipe2
  0.00    0.000007           7         1           epoll_create1
  0.00    0.000006           6         1           getsockname
  0.00    0.000006           6         1           sched_getaffinity
  0.00    0.000005           5         1         1 ioctl
  0.00    0.000000           0         2           fstat
  0.00    0.000000           0         2           pread64
  0.00    0.000000           0         1         1 access
  0.00    0.000000           0         1           execve
  0.00    0.000000           0         1           arch_prctl
  0.00    0.000000           0         1           gettid
  0.00    0.000000           0         1           set_tid_address
  0.00    0.000000           0         2           openat
  0.00    0.000000           0         2           prlimit64
  0.00    0.000000           0         1           getrandom
------ ----------- ----------- --------- --------- ------------------
100.00   13.524142          98    137903      4889 total
