% time     seconds  usecs/call     calls    errors syscall
------ ----------- ----------- --------- --------- ------------------
 43.71    7.320472         701     10440         1 poll
 18.10    3.030681         303     10000           sendto
 17.60    2.947825         293     10032           recvmsg
 16.72    2.799419         753      3714       793 futex
  0.73    0.122048         223       545           rt_sigprocmask
  0.68    0.114436         304       376       247 accept
  0.39    0.065361         480       136           clone3
  0.36    0.060406         232       260           fcntl
  0.29    0.048597         195       249           munmap
  0.20    0.034031         257       132           close
  0.20    0.032755         192       170           mmap
  0.19    0.032477         237       137           set_robust_list
  0.18    0.030898         225       137           sigaltstack
  0.18    0.030739         224       137           rseq
  0.18    0.030018         220       136           madvise
  0.17    0.028917         220       131           setsockopt
  0.10    0.017150         197        87           mprotect
  0.00    0.000123         123         1           restart_syscall
  0.00    0.000105         105         1           shutdown
  0.00    0.000067          67         1           rt_sigreturn
  0.00    0.000025          12         2           writev
  0.00    0.000019           2         9           rt_sigaction
  0.00    0.000015           5         3           brk
  0.00    0.000014           7         2           fstat
  0.00    0.000012           6         2           pread64
  0.00    0.000012           6         2           prlimit64
  0.00    0.000010           5         2           openat
  0.00    0.000009           9         1           socket
  0.00    0.000006           6         1           read
  0.00    0.000006           6         1           bind
  0.00    0.000006           6         1           listen
  0.00    0.000006           6         1           arch_prctl
  0.00    0.000006           6         1           set_tid_address
  0.00    0.000006           6         1           getrandom
  0.00    0.000005           5         1         1 ioctl
  0.00    0.000005           5         1           getsockname
  0.00    0.000005           5         1           sched_getaffinity
  0.00    0.000004           4         1           gettid
  0.00    0.000000           0         1         1 access
  0.00    0.000000           0         1           execve
------ ----------- ----------- --------- --------- ------------------
100.00   16.746696         454     36857      1043 total
