% time     seconds  usecs/call     calls    errors syscall
------ ----------- ----------- --------- --------- ------------------
 39.19    8.938160         843     10601         1 poll
 35.00    7.982425         442     18058      5576 futex
 11.77    2.683587         268     10000           sendto
 11.40    2.599857         259     10033           recvmsg
  0.64    0.145632         268       543       418 accept
  0.43    0.098626         186       529           rt_sigprocmask
  0.24    0.055195         418       132           clone3
  0.23    0.052270         158       330           munmap
  0.22    0.049189         195       252           fcntl
  0.14    0.031873         144       221           mmap
  0.13    0.029845         231       129           close
  0.13    0.028658         217       132           madvise
  0.11    0.025917         194       133           sigaltstack
  0.11    0.025670         193       133           rseq
  0.11    0.024832         195       127           setsockopt
  0.10    0.022936         172       133           set_robust_list
  0.05    0.010659         117        91           mprotect
  0.00    0.000256         256         1           execve
  0.00    0.000119          39         3           openat
  0.00    0.000083          83         1           shutdown
  0.00    0.000077           8         9           rt_sigaction
  0.00    0.000071          71         1         1 rt_sigreturn
  0.00    0.000057          28         2           read
  0.00    0.000041          20         2           writev
  0.00    0.000031          10         3           brk
  0.00    0.000022          11         2           pread64
  0.00    0.000015          15         1           socket
  0.00    0.000012           6         2           fstat
  0.00    0.000012          12         1           bind
  0.00    0.000012           6         2           prlimit64
  0.00    0.000011          11         1         1 ioctl
  0.00    0.000011          11         1           listen
  0.00    0.000011          11         1           getsockname
  0.00    0.000010          10         1           sched_getaffinity
  0.00    0.000009           9         1           getrandom
  0.00    0.000008           8         1         1 access
  0.00    0.000008           8         1           gettid
  0.00    0.000005           5         1           arch_prctl
  0.00    0.000005           5         1           set_tid_address
------ ----------- ----------- --------- --------- ------------------
100.00   22.806217         441     51616      5998 total
