% time     seconds  usecs/call     calls    errors syscall
------ ----------- ----------- --------- --------- ------------------
 95.79   21.163685         318     66513      1157 futex
  1.57    0.347497          17     20069           epoll_ctl
  1.33    0.292741          29     10000           sendto
  1.12    0.247921          24     10033           recvfrom
  0.04    0.008201          25       323           write
  0.03    0.007321          13       548       228 read
  0.03    0.006322          19       324           epoll_wait
  0.02    0.004394          21       200           munmap
  0.02    0.004074          31       130           shutdown
  0.01    0.002047           5       396           fcntl
  0.01    0.001975          14       135           close
  0.01    0.001660          14       112           mmap
  0.01    0.001492          10       137         8 accept
  0.00    0.000839          44        19           mprotect
  0.00    0.000809           6       131           setsockopt
  0.00    0.000747          22        33           rt_sigprocmask
  0.00    0.000649          81         8           madvise
  0.00    0.000293         293         1           execve
  0.00    0.000188          23         8           clone3
  0.00    0.000075           8         9           set_robust_list
  0.00    0.000065           7         9           sigaltstack
  0.00    0.000058           6         9           rseq
  0.00    0.000051           5         9           rt_sigaction
  0.00    0.000027          27         1           writev
  0.00    0.000021           7         3           brk
  0.00    0.000019           9         2           openat
  0.00    0.000014          14         1           socket
  0.00    0.000013           6         2           fstat
  0.00    0.000012           6         2           pread64
  0.00    0.000011           5         2           prlimit64
  0.00    0.000009           9         1           bind
  0.00    0.000009           9         1           listen
  0.00    0.000009           9         1           pipe2
  0.00    0.000008           8         1         1 access
  0.00    0.000008           8         1           epoll_create1
  0.00    0.000007           7         1         1 rt_sigreturn
  0.00    0.000007           7         1           sched_getaffinity
  0.00    0.000007           7         1           getrandom
  0.00    0.000006           6         1           getsockname
  0.00    0.000006           6         1           set_tid_address
  0.00    0.000005           5         1           arch_prctl
  0.00    0.000000           0         1         1 ioctl
  0.00    0.000000           0         1           gettid
------ ----------- ----------- --------- --------- ------------------
100.00   22.093302         202    109182      1396 total
