% time     seconds  usecs/call     calls    errors syscall
------ ----------- ----------- --------- --------- ------------------
 44.23    6.461674         616     10488         1 poll
 18.23    2.663132         266     10000           sendto
 17.86    2.609456         260     10033           recvmsg
 15.61    2.280220         610      3736       890 futex
  0.77    0.112808         266       423       294 accept
  0.75    0.108855         199       545           rt_sigprocmask
  0.41    0.060492         444       136           clone3
  0.35    0.050907         195       260           fcntl
  0.34    0.049029         197       248           munmap
  0.20    0.029383         220       133           close
  0.20    0.029159         212       137           sigaltstack
  0.20    0.028574         208       137           rseq
  0.20    0.028556         208       137           set_robust_list
  0.19    0.028165         207       136           madvise
  0.19    0.027272         157       173           mmap
  0.17    0.025500         194       131           setsockopt
  0.09    0.013546         150        90           mprotect
  0.00    0.000263         131         2           read
  0.00    0.000243         243         1           execve
  0.00    0.000198          66         3           openat
  0.00    0.000101         101         1           shutdown
  0.00    0.000101         101         1           restart_syscall
  0.00    0.000063           7         9           rt_sigaction
  0.00    0.000061          61         1           rt_sigreturn
  0.00    0.000034          17         2           writev
  0.00    0.000022           7         3           brk
  0.00    0.000013           6         2           fstat
  0.00    0.000013          13         1           socket
  0.00    0.000012           6         2           pread64
  0.00    0.000012           6         2           prlimit64
  0.00    0.000009           9         1           bind
  0.00    0.000009           9         1           listen
  0.00    0.000007           7         1         1 access
  0.00    0.000007           7         1           getsockname
  0.00    0.000007           7         1           sched_getaffinity
  0.00    0.000006           6         1         1 ioctl
  0.00    0.000006           6         1           arch_prctl
  0.00    0.000006           6         1           gettid
  0.00    0.000006           6         1           set_tid_address
  0.00    0.000006           6         1           getrandom
------ ----------- ----------- --------- --------- ------------------
100.00   14.607933         394     36983      1187 total
