% time     seconds  usecs/call     calls    errors syscall
------ ----------- ----------- --------- --------- ------------------
 39.38    5.498232         421     13047      2724 futex
 36.28    5.065664         476     10632         1 poll
 10.83    1.511832         151     10000           sendto
 10.73    1.497887         149     10032           recvmsg
  0.68    0.094825         166       568       439 accept
  0.43    0.059367         108       545           rt_sigprocmask
  0.33    0.046332          73       628           munmap
  0.23    0.032642         240       136           clone3
  0.22    0.031142         119       260           fcntl
  0.18    0.024788          75       328           mmap
  0.13    0.018051         135       133           close
  0.11    0.015613         114       136           madvise
  0.11    0.015026         109       137           set_robust_list
  0.11    0.014895         108       137           sigaltstack
  0.11    0.014888         108       137           rseq
  0.10    0.014209         108       131           setsockopt
  0.04    0.005903          63        93           mprotect
  0.00    0.000134         134         1           restart_syscall
  0.00    0.000105          11         9           rt_sigaction
  0.00    0.000071          71         1           shutdown
  0.00    0.000067          22         3           openat
  0.00    0.000053          53         1           rt_sigreturn
  0.00    0.000035          17         2           writev
  0.00    0.000030          15         2           read
  0.00    0.000014          14         1           socket
  0.00    0.000009           9         1           bind
  0.00    0.000009           9         1           listen
  0.00    0.000006           6         1           getsockname
  0.00    0.000006           6         1           sched_getaffinity
  0.00    0.000005           5         1         1 ioctl
  0.00    0.000005           5         1           gettid
  0.00    0.000000           0         2           fstat
  0.00    0.000000           0         3           brk
  0.00    0.000000           0         2           pread64
  0.00    0.000000           0         1         1 access
  0.00    0.000000           0         1           execve
  0.00    0.000000           0         1           arch_prctl
  0.00    0.000000           0         1           set_tid_address
  0.00    0.000000           0         2           prlimit64
  0.00    0.000000           0         1           getrandom
------ ----------- ----------- --------- --------- ------------------
100.00   13.961845         296     47120      3166 total
