% time     seconds  usecs/call     calls    errors syscall
------ ----------- ----------- --------- --------- ------------------
 95.55   13.243994         205     64416      1668 futex
  1.96    0.271608           9     30165           epoll_ctl
  1.13    0.156047          15     10000           sendto
  1.10    0.152346          15     10033           recvfrom
  0.07    0.009906          16       598           write
  0.06    0.008178          12       664       325 read
  0.05    0.007108          11       636           epoll_wait
  0.02    0.002744           8       308           munmap
  0.02    0.002120          16       130           shutdown
  0.01    0.001634           4       396           fcntl
  0.01    0.001074           7       141        12 accept
  0.01    0.001061           7       135           close
  0.01    0.001026           6       166           mmap
  0.00    0.000580           4       131           setsockopt
  0.00    0.000309          38         8           clone3
  0.00    0.000227           6        33           rt_sigprocmask
  0.00    0.000141           7        19           mprotect
  0.00    0.000099          11         9           set_robust_list
  0.00    0.000089           9         9           rseq
  0.00    0.000055           6         9           sigaltstack
  0.00    0.000041          41         1           writev
  0.00    0.000027          27         1         1 ioctl
  0.00    0.000022           2         9           rt_sigaction
  0.00    0.000016          16         1           pipe2
  0.00    0.000012          12         1           socket
  0.00    0.000010           3         3           brk
  0.00    0.000010          10         1           gettid
  0.00    0.000010           5         2           prlimit64
  0.00    0.000009           9         1           bind
  0.00    0.000008           8         1           listen
  0.00    0.000007           7         1           epoll_create1
  0.00    0.000006           6         1           rt_sigreturn
  0.00    0.000006           6         1           getsockname
  0.00    0.000006           6         1           sched_getaffinity
  0.00    0.000005           5         1           set_tid_address
  0.00    0.000005           5         1           getrandom
  0.00    0.000004           4         1           arch_prctl
  0.00    0.000000           0         2           fstat
  0.00    0.000000           0         2           pread64
  0.00    0.000000           0         1         1 access
  0.00    0.000000           0         8           madvise
  0.00    0.000000           0         1           execve
  0.00    0.000000           0         2           openat
------ ----------- ----------- --------- --------- ------------------
100.00   13.860550         117    118050      2007 total
