% time     seconds  usecs/call     calls    errors syscall
------ ----------- ----------- --------- --------- ------------------
 95.51   20.471537         335     61092      1154 futex
  1.99    0.425954          14     30165           epoll_ctl
  1.18    0.252812          25     10000           sendto
  1.06    0.226563          22     10033           recvfrom
  0.07    0.015587          25       608           write
  0.06    0.012605          18       693       339 read
  0.05    0.010454          16       639         1 epoll_wait
  0.02    0.004694          15       306           munmap
  0.01    0.003195          24       130           shutdown
  0.01    0.001826          11       165           mmap
  0.01    0.001653           4       396           fcntl
  0.01    0.001515          11       135           close
  0.01    0.001197           8       141        12 accept
  0.00    0.001021          56        18           mprotect
  0.00    0.000665           5       131           setsockopt
  0.00    0.000641          19        33           rt_sigprocmask
  0.00    0.000543          67         8           madvise
  0.00    0.000373          46         8           clone3
  0.00    0.000285         285         1           execve
  0.00    0.000118          13         9           set_robust_list
  0.00    0.000107          11         9           rseq
  0.00    0.000052           5         9           sigaltstack
  0.00    0.000051           5         9           rt_sigaction
  0.00    0.000020           6         3           brk
  0.00    0.000019           9         2           openat
  0.00    0.000014           7         2           fstat
  0.00    0.000013           6         2           pread64
  0.00    0.000012          12         1           socket
  0.00    0.000012           6         2           prlimit64
  0.00    0.000010          10         1           pipe2
  0.00    0.000008           8         1         1 access
  0.00    0.000008           8         1           bind
  0.00    0.000008           8         1           listen
  0.00    0.000008           8         1           epoll_create1
  0.00    0.000007           7         1         1 rt_sigreturn
  0.00    0.000007           7         1           getsockname
  0.00    0.000007           7         1           sched_getaffinity
  0.00    0.000006           6         1           arch_prctl
  0.00    0.000006           6         1           set_tid_address
  0.00    0.000006           6         1           getrandom
  0.00    0.000004           4         1           writev
  0.00    0.000000           0         1         1 ioctl
  0.00    0.000000           0         1           gettid
------ ----------- ----------- --------- --------- ------------------
100.00   21.433623         186    114764      1509 total
