% time     seconds  usecs/call     calls    errors syscall
------ ----------- ----------- --------- --------- ------------------
 43.55    7.215725         686     10505         1 poll
 18.05    2.991001         299     10000           sendto
 17.62    2.918899         290     10033           recvmsg
 16.76    2.777339         735      3774       840 futex
  0.81    0.133964         305       439       310 accept
  0.70    0.116725         214       545           rt_sigprocmask
  0.38    0.063466         466       136           clone3
  0.37    0.061365         236       260           fcntl
  0.33    0.054743         226       242           munmap
  0.21    0.034224         201       170           mmap
  0.20    0.033585         252       133           close
  0.19    0.031840         234       136           madvise
  0.19    0.030941         225       137           set_robust_list
  0.18    0.030470         222       137           sigaltstack
  0.18    0.029430         224       131           setsockopt
  0.17    0.028729         209       137           rseq
  0.10    0.016636         186        89           mprotect
  0.00    0.000322         161         2           read
  0.00    0.000319         106         3           openat
  0.00    0.000131         131         1         1 rt_sigreturn
  0.00    0.000129         129         1           shutdown
  0.00    0.000049           5         9           rt_sigaction
  0.00    0.000018           9         2           writev
  0.00    0.000016           5         3           brk
  0.00    0.000011           5         2           prlimit64
  0.00    0.000007           7         1           getrandom
  0.00    0.000006           6         1           socket
  0.00    0.000004           4         1           bind
  0.00    0.000004           4         1           listen
  0.00    0.000004           4         1           sched_getaffinity
  0.00    0.000003           3         1         1 ioctl
  0.00    0.000003           3         1           getsockname
  0.00    0.000003           3         1           gettid
  0.00    0.000000           0         2           fstat
  0.00    0.000000           0         2           pread64
  0.00    0.000000           0         1         1 access
  0.00    0.000000           0         1           execve
  0.00    0.000000           0         1           arch_prctl
  0.00    0.000000           0         1           set_tid_address
------ ----------- ----------- --------- --------- ------------------
100.00   16.570111         447     37043      1154 total
