% time     seconds  usecs/call     calls    errors syscall
------ ----------- ----------- --------- --------- ------------------
 95.55   13.737275         209     65695      1669 futex
  1.96    0.282248           9     30165           epoll_ctl
  1.12    0.161474          16     10000           sendto
  1.08    0.155960          15     10033           recvfrom
  0.07    0.010502          17       612           write
  0.06    0.008581          12       671       326 read
  0.05    0.007185          11       638         1 epoll_wait
  0.03    0.004014          12       309           munmap
  0.01    0.002113          16       130           shutdown
  0.01    0.001714           4       396           fcntl
  0.01    0.001401           8       166           mmap
  0.01    0.001095           7       141        12 accept
  0.01    0.001083           8       135           close
  0.00    0.000622           4       131           setsockopt
  0.00    0.000608          76         8           madvise
  0.00    0.000588          30        19           mprotect
  0.00    0.000524          15        33           rt_sigprocmask
  0.00    0.000233         233         1           execve
  0.00    0.000079           9         8           clone3
  0.00    0.000043           4         9           rt_sigaction
  0.00    0.000028           3         9           set_robust_list
  0.00    0.000027           3         9           rseq
  0.00    0.000014           7         2           openat
  0.00    0.000011           5         2           fstat
  0.00    0.000010           5         2           pread64
  0.00    0.000010           1         9           sigaltstack
  0.00    0.000007           7         1         1 rt_sigreturn
  0.00    0.000006           6         1         1 access
  0.00    0.000006           6         1           socket
  0.00    0.000005           1         3           brk
  0.00    0.000005           5         1           arch_prctl
  0.00    0.000005           5         1           set_tid_address
  0.00    0.000004           4         1           bind
  0.00    0.000004           4         1           listen
  0.00    0.000004           4         1           epoll_create1
  0.00    0.000004           4         1           pipe2
  0.00    0.000003           3         1           getsockname
  0.00    0.000003           3         1           sched_getaffinity
  0.00    0.000000           0         1         1 ioctl
  0.00    0.000000           0         1           writev
  0.00    0.000000           0         1           gettid
  0.00    0.000000           0         2           prlimit64
  0.00    0.000000           0         1           getrandom
------ ----------- ----------- --------- --------- ------------------
100.00   14.377498         120    119353      2011 total
