% time     seconds  usecs/call     calls    errors syscall
------ ----------- ----------- --------- --------- ------------------
 93.46   18.569479         236     78372      4906 futex
  1.68    0.333614          16     20069           epoll_ctl
  1.48    0.293838          29     10033           recvfrom
  1.35    0.267758          36      7383           munmap
  1.27    0.252298          25     10000           sendto
  0.61    0.120693          32      3703           mmap
  0.05    0.009032          28       320           write
  0.03    0.006764          11       602       283 read
  0.02    0.004918          15       324         1 epoll_wait
  0.02    0.003446          26       130           shutdown
  0.01    0.001745          12       135           close
  0.01    0.001523           3       396           fcntl
  0.01    0.001316           9       139        10 accept
  0.00    0.000815          42        19           mprotect
  0.00    0.000752          22        33           rt_sigprocmask
  0.00    0.000643          80         8           madvise
  0.00    0.000641           4       131           setsockopt
  0.00    0.000228          28         8           clone3
  0.00    0.000086           9         9           set_robust_list
  0.00    0.000084           9         9           rseq
  0.00    0.000053           5         9           sigaltstack
  0.00    0.000041          41         1           writev
  0.00    0.000021           2         9           rt_sigaction
  0.00    0.000010          10         1         1 rt_sigreturn
  0.00    0.000008           8         1         1 ioctl
  0.00    0.000000           0         2           fstat
  0.00    0.000000           0         3           brk
  0.00    0.000000           0         2           pread64
  0.00    0.000000           0         1         1 access
  0.00    0.000000           0         1           socket
  0.00    0.000000           0         1           bind
  0.00    0.000000           0         1           listen
  0.00    0.000000           0         1           getsockname
  0.00    0.000000           0         1           execve
  0.00    0.000000           0         1           arch_prctl
  0.00    0.000000           0         1           gettid
  0.00    0.000000           0         1           sched_getaffinity
  0.00    0.000000           0         1           set_tid_address
  0.00    0.000000           0         2           openat
  0.00    0.000000           0         1           epoll_create1
  0.00    0.000000           0         1           pipe2
  0.00    0.000000           0         2           prlimit64
  0.00    0.000000           0         1           getrandom
------ ----------- ----------- --------- --------- ------------------
100.00   19.869806         150    131868      5203 total
