% time     seconds  usecs/call     calls    errors syscall
------ ----------- ----------- --------- --------- ------------------
 95.45   17.933913         280     63959      1722 futex
  1.95    0.365520          12     30165           epoll_ctl
  1.19    0.223253          22     10000           sendto
  1.11    0.209028          20     10033           recvfrom
  0.08    0.014868          24       618           write
  0.06    0.011471          17       669       328 read
  0.06    0.010380          16       638         1 epoll_wait
  0.03    0.005870          18       309           munmap
  0.02    0.003015          23       130           shutdown
  0.01    0.002302           5       396           fcntl
  0.01    0.002076          12       166           mmap
  0.01    0.001477          10       135           close
  0.01    0.001410           9       142        13 accept
  0.00    0.000808           6       131           setsockopt
  0.00    0.000784          41        19           mprotect
  0.00    0.000637          19        33           rt_sigprocmask
  0.00    0.000524          65         8           madvise
  0.00    0.000313          39         8           clone3
  0.00    0.000247         247         1           execve
  0.00    0.000133          14         9           sigaltstack
  0.00    0.000120          13         9           set_robust_list
  0.00    0.000112          12         9           rseq
  0.00    0.000066           7         9           rt_sigaction
  0.00    0.000053          53         1           writev
  0.00    0.000035          11         3           brk
  0.00    0.000018           9         2           openat
  0.00    0.000016          16         1           socket
  0.00    0.000014           7         2           prlimit64
  0.00    0.000013           6         2           fstat
  0.00    0.000013          13         1           bind
  0.00    0.000013          13         1           pipe2
  0.00    0.000012          12         1         1 rt_sigreturn
  0.00    0.000012           6         2           pread64
  0.00    0.000012          12         1           listen
  0.00    0.000012          12         1           gettid
  0.00    0.000011          11         1           epoll_create1
  0.00    0.000010          10         1           getsockname
  0.00    0.000010          10         1           sched_getaffinity
  0.00    0.000008           8         1         1 ioctl
  0.00    0.000007           7         1         1 access
  0.00    0.000006           6         1           getrandom
  0.00    0.000005           5         1           arch_prctl
  0.00    0.000005           5         1           set_tid_address
------ ----------- ----------- --------- --------- ------------------
100.00   18.788612         159    117622      2067 total
