% time     seconds  usecs/call     calls    errors syscall
------ ----------- ----------- --------- --------- ------------------
 39.43    7.700184         723     10645         1 poll
 33.10    6.463998         421     15328      4537 futex
 12.49    2.438652         243     10000           sendto
 12.19    2.381519         237     10028           recvmsg
  0.79    0.153970         263       585       466 accept
  0.41    0.080491         159       505           rt_sigprocmask
  0.24    0.046864         144       324           munmap
  0.24    0.046325         367       126           clone3
  0.22    0.042717         177       240           fcntl
  0.15    0.028751         130       220           mmap
  0.14    0.026682         216       123           close
  0.12    0.024171         191       126           madvise
  0.11    0.022338         184       121           setsockopt
  0.11    0.021055         165       127           rseq
  0.11    0.020523         161       127           sigaltstack
  0.10    0.020434         160       127           set_robust_list
  0.06    0.010825         117        92           mprotect
  0.00    0.000355         118         3           openat
  0.00    0.000224         112         2           read
  0.00    0.000131         131         1           restart_syscall
  0.00    0.000125         125         1           shutdown
  0.00    0.000116          12         9           rt_sigaction
  0.00    0.000114         114         1           rt_sigreturn
  0.00    0.000020          10         2           writev
  0.00    0.000013           6         2           fstat
  0.00    0.000012           6         2           pread64
  0.00    0.000009           9         1           socket
  0.00    0.000007           2         3           brk
  0.00    0.000007           7         1         1 access
  0.00    0.000006           6         1           bind
  0.00    0.000006           6         1           listen
  0.00    0.000006           6         1           arch_prctl
  0.00    0.000006           6         1           set_tid_address
  0.00    0.000006           3         2           prlimit64
  0.00    0.000005           5         1         1 ioctl
  0.00    0.000005           5         1           getsockname
  0.00    0.000005           5         1           sched_getaffinity
  0.00    0.000004           4         1           getrandom
  0.00    0.000002           2         1           gettid
  0.00    0.000000           0         1           execve
------ ----------- ----------- --------- --------- ------------------
100.00   19.530683         399     48884      5006 total
