% time     seconds  usecs/call     calls    errors syscall
------ ----------- ----------- --------- --------- ------------------
 44.01    6.520176         621     10499         1 poll
 18.22    2.698841         269     10000           sendto
 18.10    2.681525         267     10033           recvmsg
 15.23    2.255952         564      3998      1038 futex
  0.94    0.139249         320       434       305 accept
  0.81    0.119829         219       545           rt_sigprocmask
  0.45    0.067041         492       136           clone3
  0.39    0.058295         224       260           fcntl
  0.34    0.050040         210       238           munmap
  0.22    0.032923         249       132           close
  0.21    0.031386         230       136           madvise
  0.20    0.030090         181       166           mmap
  0.20    0.029333         214       137           set_robust_list
  0.19    0.028797         210       137           rseq
  0.19    0.028763         209       137           sigaltstack
  0.19    0.028322         216       131           setsockopt
  0.10    0.014782         173        85           mprotect
  0.00    0.000187         187         1           restart_syscall
  0.00    0.000140         140         1           rt_sigreturn
  0.00    0.000131         131         1           shutdown
  0.00    0.000123          13         9           rt_sigaction
  0.00    0.000040          20         2           writev
  0.00    0.000036          18         2           openat
  0.00    0.000016           5         3           brk
  0.00    0.000015          15         1           socket
  0.00    0.000013           6         2           fstat
  0.00    0.000012           6         2           pread64
  0.00    0.000012           6         2           prlimit64
  0.00    0.000010          10         1           bind
  0.00    0.000009           9         1           listen
  0.00    0.000008           8         1           sched_getaffinity
  0.00    0.000007           7         1           read
  0.00    0.000007           7         1         1 ioctl
  0.00    0.000006           6         1           getsockname
  0.00    0.000006           6         1           getrandom
  0.00    0.000005           5         1           arch_prctl
  0.00    0.000005           5         1           gettid
  0.00    0.000005           5         1           set_tid_address
  0.00    0.000000           0         1         1 access
  0.00    0.000000           0         1           execve
------ ----------- ----------- --------- --------- ------------------
100.00   14.816137         397     37242      1346 total
