% time     seconds  usecs/call     calls    errors syscall
------ ----------- ----------- --------- --------- ------------------
 95.39   17.699231         285     61938      1540 futex
  1.97    0.365051          12     30165           epoll_ctl
  1.21    0.224034          22     10000           sendto
  1.14    0.211581          21     10033           recvfrom
  0.08    0.014441          23       615           write
  0.06    0.011590          17       667       326 read
  0.05    0.009963          15       636           epoll_wait
  0.03    0.004946          16       302           munmap
  0.02    0.003103          23       130           shutdown
  0.01    0.002193           5       396           fcntl
  0.01    0.001881          11       166           mmap
  0.01    0.001490          11       135           close
  0.01    0.001391           9       140        11 accept
  0.00    0.000910          47        19           mprotect
  0.00    0.000821           6       131           setsockopt
  0.00    0.000739          22        33           rt_sigprocmask
  0.00    0.000736          92         8           madvise
  0.00    0.000229          28         8           clone3
  0.00    0.000093          10         9           rseq
  0.00    0.000086           9         9           set_robust_list
  0.00    0.000063           7         9           sigaltstack
  0.00    0.000048           5         9           rt_sigaction
  0.00    0.000026          26         1           writev
  0.00    0.000017           8         2           openat
  0.00    0.000015           5         3           brk
  0.00    0.000014           7         2           fstat
  0.00    0.000013           6         2           pread64
  0.00    0.000012           6         2           prlimit64
  0.00    0.000009           9         1           pipe2
  0.00    0.000008           8         1           rt_sigreturn
  0.00    0.000008           8         1           socket
  0.00    0.000008           8         1           epoll_create1
  0.00    0.000007           7         1           gettid
  0.00    0.000006           6         1           bind
  0.00    0.000006           6         1           listen
  0.00    0.000006           6         1           arch_prctl
  0.00    0.000006           6         1           set_tid_address
  0.00    0.000006           6         1           getrandom
  0.00    0.000005           5         1           sched_getaffinity
  0.00    0.000004           4         1           getsockname
  0.00    0.000003           3         1         1 ioctl
  0.00    0.000000           0         1         1 access
  0.00    0.000000           0         1           execve
------ ----------- ----------- --------- --------- ------------------
100.00   18.554799         160    115585      1879 total
