% time     seconds  usecs/call     calls    errors syscall
------ ----------- ----------- --------- --------- ------------------
 43.39    4.262529         407     10451         1 poll
 18.03    1.771036         177     10000           sendto
 17.58    1.726972         172     10033           recvmsg
 16.59    1.629844         427      3810       950 futex
  0.82    0.080562         196       410       281 accept
  0.77    0.075661         138       545           rt_sigprocmask
  0.46    0.045458         334       136           clone3
  0.42    0.040962         157       260           fcntl
  0.35    0.034256         140       244           munmap
  0.24    0.023955         174       137           rseq
  0.22    0.021487         162       132           close
  0.22    0.021274         122       173           mmap
  0.20    0.019439         148       131           setsockopt
  0.20    0.019361         141       137           sigaltstack
  0.20    0.019351         141       137           set_robust_list
  0.19    0.018330         134       136           madvise
  0.13    0.012365         135        91           mprotect
  0.00    0.000202         202         1           restart_syscall
  0.00    0.000127         127         1           rt_sigreturn
  0.00    0.000126          14         9           rt_sigaction
  0.00    0.000125         125         1           shutdown
  0.00    0.000028          14         2           writev
  0.00    0.000018           6         3           brk
  0.00    0.000013          13         1           socket
  0.00    0.000013           6         2           openat
  0.00    0.000010           5         2           fstat
  0.00    0.000010           5         2           pread64
  0.00    0.000009           9         1           bind
  0.00    0.000009           4         2           prlimit64
  0.00    0.000008           8         1           listen
  0.00    0.000007           7         1           getsockname
  0.00    0.000006           6         1         1 access
  0.00    0.000006           6         1           sched_getaffinity
  0.00    0.000005           5         1           read
  0.00    0.000005           5         1         1 ioctl
  0.00    0.000005           5         1           arch_prctl
  0.00    0.000005           5         1           gettid
  0.00    0.000005           5         1           getrandom
  0.00    0.000004           4         1           set_tid_address
  0.00    0.000000           0         1           execve
------ ----------- ----------- --------- --------- ------------------
100.00    9.823588         265     37001      1234 total
